Inserting 7:      7
Inserting 49:     49     7
Inserting 52:     52     7    49
Inserting 49:     52    49    49     7
Inserting 1:     52    49    49     7     1
Inserting 10:     52    49    49     7     1    10
Inserting 43:     52    49    49     7     1    10    43
Inserting 25:     52    49    49    25     1    10    43     7
Inserting 22:     52    49    49    25     1    10    43     7    22
Inserting 31:     52    49    49    25    31    10    43     7    22     1
Inserting 43:     52    49    49    25    43    10    43     7    22     1    31
Inserting 16:     52    49    49    25    43    16    43     7    22     1    31    10
Inserting 40:     52    49    49    25    43    40    43     7    22     1    31    10    16
Inserting 46:     52    49    49    25    43    40    46     7    22     1    31    10    16    43
Inserting 10:     52    49    49    25    43    40    46     7    22     1    31    10    16    43    10
Inserting 52:     52    52    49    49    43    40    46    25    22     1    31    10    16    43    10     7
Inserting 4:     52    52    49    49    43    40    46    25    22     1    31    10    16    43    10     7     4
Inserting 10:     52    52    49    49    43    40    46    25    22     1    31    10    16    43    10     7     4    10
Inserting 40:     52    52    49    49    43    40    46    25    40     1    31    10    16    43    10     7     4    10    22
Inserting 22:     52    52    49    49    43    40    46    25    40    22    31    10    16    43    10     7     4    10    22     1

Deleting 52:     52    49    49    40    43    40    46    25    22    22    31    10    16    43    10     7     4    10     1
Deleting 52:     49    49    46    40    43    40    43    25    22    22    31    10    16     1    10     7     4    10
Deleting 49:     49    43    46    40    31    40    43    25    22    22    10    10    16     1    10     7     4
Deleting 49:     46    43    43    40    31    40    10    25    22    22    10    10    16     1     4     7
Deleting 46:     43    43    40    40    31    16    10    25    22    22    10    10     7     1     4
Deleting 43:     43    40    40    25    31    16    10     4    22    22    10    10     7     1
Deleting 43:     40    40    16    25    31    10    10     4    22    22    10     1     7
Deleting 40:     40    31    16    25    22    10    10     4    22     7    10     1
Deleting 40:     31    25    16    22    22    10    10     4     1     7    10
Deleting 31:     25    22    16    22    10    10    10     4     1     7
Deleting 25:     22    22    16     7    10    10    10     4     1
Deleting 22:     22    10    16     7     1    10    10     4
Deleting 22:     16    10    10     7     1    10     4
Deleting 16:     10    10    10     7     1     4
Deleting 10:     10    10     4     7     1
Deleting 10:     10     7     4     1
Deleting 10:      7     1     4
Deleting 7:      4     1
Deleting 4:      1
Deleting 1: 
